596955555555555555555555555555555555555555555555555555590
596955555555555555555555555555555555555555555555555555590
596955555555555555555555555555555555555555555555555555590
596955555555555555555555555555555555555555555555555555590
596955555555555555555555555555555555555555555555555555590
596955555555555555555555555555555555555555555555555555590
596955555555555555555555555555555555555555555555555555590
596955555555555555555555555555555555555555555555555555590
596955555555555555555555555555555555555555555555555555590
596955555555555555555555555555555555555555555555555555590
596955555555555555555555555555555555555555555555555555590
596955555555555555555555555555555555555555555555555555590
596955555555555555555555555555555555555555555555555555590
596955555555555555555555555555555555555555555555555555590
596955555555555555555555555555555555555555555555555555590
596955555555555555555555555555555555555555555555555555590
596955555555555555555555555555555555555555555555555555590
596955555555555555555555555555555555555555555555555555590
596955555555555555555555555555555555555555555555555555590
596955555555555555555555555555555555555555555555555555590
596955555555555555555555555555555555555555555555555555590
596955555555555555555555555555555555555555555555555555590
596955555555555555555555555555555555555555555555555555590
596955555555555555555555555555555555555555555555555555590
596955555555555555555555555555555555555555555555555555590
596955555555555555555555555555555555555555555555555555590
596955555555555555555555555555555555555555555555555555590
596955555555555555555555555555555555555555555555555555590
596955555555555555555555555555555555555555555555555555590
596955555555555555555555555555555555555555555555555555590
596955555555555555555555555555555555555555555555555555590
596955555555555555555555555555555555555555555555555555590
596955555555555555555555555555555555555555555555555555590
596955555555555555555555555555555555555555555555555555590
596955555555555555555555555555555555555555555555555555590
596955555555555555555555555555555555555555555555555555590
596955555555555555555555555555555555555555555555555555590
596955555555555555555555555555555555555555555555555555590
596955555555555555555555555555555555555555555555555555590
596955555555555555555555555555555555555555555555555555590
596955555555555555555555555555555555555555555555555555590
596955555555555555555555555555555555555555555555555555590
596955555555555555555555555555555555555555555555555555590
596955555555555555555555555555555555555555555555555555590
596955555555555555555555555555555555555555555555555555590
596955555555555555555555555555555555555555555555555555590
596955555555555555555555555555555555555555555555555555590
596955555555555555555555555555555555555555555555555555590

